Accuracy: 0.9791666666666666
F1: 0.9795918367346939
Avg_Spam: 0.9999693781137466
Avg_Ham: 0.03251916230033203