Accuracy: 0.8125
F1: 0.8421052631578947
Avg_Spam: 0.9945859933892885
Avg_Ham: 0.411512654798571